0.0608329099002 0.56166130707 0.36433622739 -0.688415099399 -0.158324152167 0.696433855558 0.126483194897
0.0608139380814 0.561662133208 0.364348597906 -0.688411534033 -0.1583605188 0.696428097447 0.126488778087
-0.146816125581 0.714120893414 0.150780809088 -0.669362567903 -0.142771143116 0.716341281301 0.135739906021
-0.0638972921683 0.726170265823 0.150393565186 -0.681883492789 -0.125142077834 0.703711400173 0.15544976
0.0383350553002 0.722481227579 0.136502004836 -0.713172298047 -0.0820035963672 0.686298113474 0.116857104721
0.114005705015 0.714663056194 0.136520555291 -0.723547592368 -0.0802211074506 0.675767434942 0.115679857237
0.15843256534 0.701729983488 0.116705060907 -0.741455886795 -0.0498893942865 0.667025398459 0.0532102817611
-0.147293822391 0.7030199913 0.131070282655 -0.718382849681 -0.104726125323 0.687496542988 0.0175220814849
-0.0677156091749 0.714449261874 0.127407747536 -0.724846634802 -0.0669841984514 0.683985671532 0.0476872552557
0.0237661053689 0.717087667795 0.126413153498 -0.732984115085 -0.0499340027833 0.676018582368 0.0569188781603
0.128480241366 0.705929634118 0.12627127913 -0.742252791579 -0.0381166545025 0.666355099866 0.0598230300535
0.197877981139 0.68760451491 0.121525468314 -0.73428898699 -0.0565818886701 0.67629843967 0.015446486994
-0.0970820855306 0.671934430304 0.145695583327 0.677520960161 -0.0200869085072 -0.729642108207 0.0904668921767
-0.0171102801972 0.693305385524 0.117935898426 0.69773311365 -0.0294417642521 -0.715356932835 0.023793765562
0.0691778477642 0.690511361123 0.117147114035 0.710274152545 -0.0428676280341 -0.702579475495 0.0074212739217
0.163725623127 0.674372966921 0.117132069675 -0.706805358634 0.0560153271484 0.705168154319 0.00513247170125
